1000 5
59.5791 28.6521 84.5284 59.1229 65.8044
71.7748 14.7716 77.8829 66.8449 71.703
24.9873 81.1999 23.7985 47.452 99.3156
51.7816 24.3966 71.3873 66.2402 58.8382
24.4264 65.5012 97.3265 76.342 19.5897
62.3435 63.66 9.31582 90.5783 49.2917
25.8964 89.5026 19.1205 40.2865 99.7768
33.8947 44.7382 81.9472 57.089 62.857
36.3179 15.2448 88.8669 7.31786 66.2212
29.0533 12.3345 90.2449 14.9473 73.5922
32.1057 7.37813 92.8559 3.3837 63.3475
17.1943 3.13533 80.3278 15.9784 63.9149
37.5797 45.6424 82.2648 53.9195 64.2217
38.3594 10.8781 94.3282 -2.52601 62.1446
32.4758 37.0436 77.0237 51.5475 65.1489
83.9395 48.1324 13.98 33.0015 40.4084
29.9432 86.5915 30.7992 32.5071 99.1015
93.2578 98.6983 4.5875 82.8869 30.7838
30.0538 44.6653 78.4784 57.9828 60.8072
56.4564 16.5688 62.2157 66.6922 75.0124
30.8486 48.9373 85.377 50.5415 65.4146
25.1776 87.3273 26.8464 37.6165 99.3028
51.8009 29.0155 76.1288 61.7563 67.3629
97.5629 27.2599 93.9001 92.777 20.6925
31.0753 42.3501 81.7817 56.3852 66.4152
31.9906 45.7999 81.4764 52.0774 68.4334
19.7734 36.6192 10.0667 47.2135 47.1886
38.0344 -0.790017 91.6146 11.5558 61.0998
15.7091 13.4552 30.3423 61.097 44.0202
46.7129 12.9806 89.1756 4.37344 62.535
2.42403 51.8946 22.2753 35.4018 49.002
61.3818 12.527 79.6398 62.078 80.1932
9.2018 39.0079 9.45217 39.1663 46.18
51.7764 26.3543 75.506 68.3245 66.0927
35.2764 5.54643 84.7761 7.60633 73.9318
11.0449 40.4975 9.53311 46.3352 50.9124
22.6172 29.2918 15.3125 44.0291 53.4212
48.0968 21.4458 78.1687 65.9992 78.5831
30.9627 91.0229 30.2184 39.3987 92.4985
22.5357 82.2993 21.8057 38.1931 101.902
40.9335 5.51789 83.9764 5.17513 89.8266
65.5541 73.4462 15.9452 31.1287 67.0704
46.8869 18.5979 98.1227 2.70686 71.009
48.3262 -6.28649 84.8979 2.88373 75.2758
37.9887 9.28838 88.9171 -3.88574 75.7152
9.37497 31.643 11.2433 48.2203 52.9295
16.4569 32.2018 9.23173 46.9628 42.1937
43.287 8.69462 94.6675 8.43439 60.736
93.9519 82.647 40.0548 49.2551 2.31401
63.3913 79.8871 45.7777 94.587 25.5204
25.0135 87.3302 22.442 37.5417 99.2515
25.791 84.972 25.2055 38.6724 93.6215
15.9065 45.4896 5.949 38.8607 42.4622
51.0789 28.0994 64.4957 56.4218 68.9703
31.2754 41.519 79.0452 59.7206 66.5965
14.7305 42.0285 14.8314 46.8649 44.8327
12.8587 32.0963 17.0597 41.5898 49.5007
34.199 88.8158 26.2148 42.9198 97.778
29.5679 86.4601 27.9539 38.3732 100.263
37.8588 5.55154 95.1651 13.7375 74.9823
30.5104 44.5023 83.1174 50.4179 68.1536
17.9552 39.1349 21.8843 53.7861 48.7172
26.9529 88.1475 21.1511 39.0499 96.0216
27.7512 42.6143 82.4648 53.0332 70.5768
28.7432 43.8761 81.5886 50.6318 68.3864
43.5271 16.3734 82.991 65.599 82.6534
18.7281 46.8018 13.7214 38.6813 40.2619
27.2685 41.9521 77.4306 53.459 68.4674
27.0513 83.5502 26.2631 41.8086 94.0326
24.47 88.8293 26.4484 39.2212 92.687
37.7509 -6.11191 102.157 23.4591 71.7048
62.3391 59.5546 47.6538 18.6136 97.9185
21.3891 92.2314 26.6286 39.949 97.5229
85.3804 23.2912 62.0416 15.591 83.3587
23.2416 86.6789 26.7911 37.2501 94.9072
59.3293 24.7446 75.4667 63.71 73.7871
19.9551 44.206 19.8234 49.1134 48.5035
26.4547 87.6816 22.5793 48.6372 93.34
34.1019 45.0661 85.5055 59.7007 65.4791
24.1856 82.3578 25.7871 37.0877 102.544
41.6862 9.84891 98.8306 8.53188 79.3818
40.2601 0.573441 93.2544 14.9757 64.3492
39.0684 30.5554 91.1487 74.5753 0.213137
35.1159 43.1333 83.542 52.021 62.7041
31.3851 67.3555 74.8845 92.4655 60.4036
31.7024 43.2151 78.2173 51.1947 65.8593
30.4151 19.1311 84.2289 9.97943 69.3547
58.3375 31.9281 74.2607 61.0776 81.2001
43.9238 15.1953 84.8722 11.5833 69.7463
93.1226 18.9616 3.35961 26.4969 82.3317
25.2955 88.8646 25.5584 38.744 95.1384
45.4751 20.7256 81.3414 62.3974 78.3889
28.3454 85.8598 25.2478 39.2093 96.5255
49.2164 -0.206112 94.3398 -2.26896 63.3883
40.6711 18.3528 109.298 7.4067 61.2379
58.3785 29.3595 68.1313 53.5178 68.5047
13.9509 78.1042 99.5053 37.1652 21.2795
29.158 91.1725 23.1581 38.3879 90.2459
22.2786 41.7305 26.8925 88.0256 21.8862
16.4357 97.452 54.9415 45.2999 73.3645
23.8277 88.1733 27.1554 41.4725 99.698
48.2055 1.45453 89.618 5.48008 67.5983
38.2782 24.0253 87.5864 5.10287 78.0534
32.8079 87.016 28.6811 39.9939 96.0819
58.831 17.6351 77.9539 52.7108 66.0261
59.4865 27.8835 76.2711 58.5967 68.9175
12.2438 43.7551 15.3647 40.7308 56.3056
85.4334 36.9525 21.8288 48.6463 6.72326
55.997 19.7448 77.3979 62.7478 73.8439
26.8849 89.1938 30.0408 40.8446 100.834
54.1266 21.425 69.3858 55.9564 61.8404
28.4044 87.1188 29.1936 40.4145 96.0825
69.5848 29.0052 69.5125 62.2941 77.3316
46.0942 4.07586 93.4216 17.3102 70.7291
13.1316 37.3358 7.73306 42.4023 42.6106
41.1386 55.3483 95.292 71.3643 79.2437
55.1317 41.2764 83.3366 63.3546 74.7679
53.2887 6.36683 86.0129 -2.66223 74.4548
25.2871 87.5001 23.6868 37.6033 98.3424
41.2623 8.66329 84.19 1.72739 75.4951
10.1757 29.6632 98.7287 35.8166 59.6725
96.5636 81.8417 26.8086 89.9587 36.1931
79.3302 54.7488 65.7177 60.9282 46.0775
28.7377 83.0014 25.7056 39.9175 98.3957
30.4059 40.7526 82.9431 55.5489 65.2358
56.1181 6.88555 93.4389 -4.15517 63.5821
19.9857 74.3971 91.6642 25.3379 3.44956
32.2994 42.0946 80.9112 58.1724 64.6016
14.8148 45.5086 4.78053 40.0854 45.3597
47.1432 23.9175 83.3282 57.2584 81.8994
56.4893 18.8467 91.9435 69.0591 70.2117
33.5186 42.9895 81.8326 52.1107 62.2093
48.708 4.21113 88.3881 12.7357 65.5904
16.6398 39.5363 16.9666 39.7175 52.4576
30.5018 91.7742 23.5399 42.3562 99.5383
10.4833 44.1711 11.8797 48.6832 38.7833
38.3078 9.39462 95.7935 17.695 70.3282
28.9171 41.5503 85.8492 57.0019 63.7912
23.8119 89.328 20.3959 38.5729 95.8377
45.4537 13.1286 86.3414 -10.1171 68.8375
33.3721 87.7283 25.7968 44.8508 96.0852
14.1534 30.418 9.53432 47.4253 50.6624
59.3639 27.8499 79.6825 62.4487 71.8513
12.4315 34.8139 12.5811 41.6469 46.6983
27.3767 45.6004 79.2545 53.6047 68.7382
33.323 -0.377518 90.6652 7.39649 78.8008
28.1591 90.0256 45.9197 50.727 97.5258
28.5026 87.0588 19.4321 38.6287 97.2165
13.6166 44.4593 13.58 43.5097 53.1087
75.092 13.8402 14.7138 34.2301 97.837
46.9786 38.193 71.9954 59.0963 76.4977
39.0222 15.1122 83.4219 18.306 72.3812
6.14188 32.9363 16.4698 39.635 50.7837
31.5756 82.509 24.1581 31.5022 99.7019
48.7693 33.923 83.6312 61.7048 62.929
28.8313 86.4545 18.8443 40.6863 101.167
34.5402 -7.79568 91.6813 0.693036 80.059
28.3693 86.5017 22.6877 42.5326 93.6232
35.7752 93.2795 19.788 37.2402 97.1287
30.7974 39.5828 82.9962 53.1418 70.3021
59.8599 22.2329 64.9672 59.3799 78.1856
86.8432 83.8975 39.4687 44.1565 21.3148
32.3965 42.9928 83.5996 53.9032 67.0361
26.3982 53.864 90.5946 60.2987 38.5651
44.1693 13.8743 86.5649 7.16361 59.1438
24.5197 86.4943 26.2 41.2815 98.5647
52.8755 12.7836 102.317 20.5877 75.6406
65.7871 26.6024 66.7492 59.9354 70.8304
14.0004 45.6309 16.3501 35.3081 52.4593
23.8233 41.7507 12.6188 43.8272 44.564
31.3557 40.5094 82.4889 52.183 62.772
15.4289 45.644 10.5853 1.21814 94.7369
89.7282 83.0356 49.9105 41.6256 86.9214
91.7909 76.1062 81.115 70.29 26.3548
33.7169 11.9995 95.4327 3.34253 66.5542
14.0131 52.604 6.62851 49.7116 30.8171
51.9903 72.415 62.9178 61.2176 14.4734
29.0607 81.2718 19.5072 37.9056 97.5144
23.4049 86.3115 26.5133 36.5385 95.4376
50.0733 26.8961 83.0958 78.3119 56.1635
49.9286 31.5369 77.5687 55.6966 82.3343
13.5662 34.7218 25.7185 41.5517 63.3708
28.1918 86.2367 20.6346 40.2858 95.4258
30.8697 49.6728 77.4812 53.1625 65.799
9.94577 42.6852 10.4941 20.2368 72.0891
29.5449 39.2355 80.5146 50.0224 66.0441
32.0941 13.9607 89.4749 16.2954 65.7111
34.7494 84.5101 25.8718 35.6346 99.2521
11.7137 8.50262 69.6822 13.9991 5.31645
35.2958 38.461 90.2725 82.648 93.059
17.8764 35.7449 9.09595 38.5777 40.8669
62.1751 66.4247 15.0602 48.0433 19.9221
26.465 89.5844 24.8967 37.8009 101.416
23.6815 39.7172 8.29287 36.1819 51.8619
12.5089 42.2447 36.986 48.3713 51.086
25.2458 88.5039 22.0268 42.9917 91.6378
3.17074 41.636 11.4202 40.8341 36.0529
15.4063 29.0097 11.0245 36.7259 47.0679
55.1834 22.0356 92.2749 53.0694 68.8197
46.4644 1.05294 80.8399 15.6804 75.4425
65.365 21.6059 49.928 7.57042 83.0031
81.7202 70.6298 59.2327 70.1454 47.9316
92.6182 16.6573 63.8573 54.1122 46.6477
31.74 4.89164 96.0855 4.99756 60.7516
39.8696 37.4004 71.1756 65.6505 66.9125
51.8784 30.5149 88.1435 64.9164 70.3625
59.1216 17.6491 77.3385 61.7631 69.5054
37.1138 16.6984 97.2016 21.3049 64.1923
44.6774 79.9071 94.7586 69.6352 66.7692
29.4291 88.1858 25.7099 45.1393 95.9412
18.3338 46.14 18.3134 49.78 41.8115
63.8773 27.6838 63.9068 47.6307 69.2013
78.9713 17.3718 4.54004 28.8379 99.8076
30.5419 44.3282 81.128 50.0707 63.4364
38.7545 13.1647 93.6989 6.57018 74.8466
29.7994 89 20.5181 34.0816 96.35
32.6071 89.0836 21.8674 32.8564 101.999
43.2682 6.37358 87.2906 -3.01457 79.7396
26.4314 42.8613 76.5421 53.3889 63.0937
13.2795 32.948 20.5281 48.4354 35.3719
27.5694 33.9492 10.1929 48.2094 48.431
40.2927 13.3213 88.7611 -6.02983 75.1545
27.692 39.3805 77.444 54.235 63.7594
30.4152 48.6906 82.0512 58.5405 68.7025
29.7055 90.8505 22.4948 45.0339 95.746
30.1879 42.7695 82.5513 51.4036 66.6249
27.6624 92.1014 29.3676 41.1229 94.6513
50.4064 22.7432 68.453 63.6109 65.356
31.3798 39.2653 81.3292 54.4376 64.3419
26.4015 83.6474 24.7676 44.093 96.6793
57.0365 19.7565 77.5892 55.8329 80.3157
30.4943 88.4138 17.8106 38.3378 99.9903
30.2771 85.8573 25.9406 33.6123 97.974
27.3875 7.44259 87.5991 25.0707 57.3189
35.3627 23.729 82.7506 59.888 75.8659
60.1241 27.3026 83.2416 65.8011 72.3427
43.7277 39.7043 69.8385 60.3347 69.1437
23.3313 37.9404 20.0234 34.4094 43.8455
36.5811 11.2252 98.8643 11.4121 54.4365
32.4345 84.3497 23.4589 39.2489 97.0967
22.0197 41.4132 12.9797 41.6505 58.2469
14.671 52.9889 12.6352 43.8537 49.3402
32.6433 31.3075 53.6654 97.4211 72.8656
32.4843 9.15313 88.1657 14.2673 74.3175
25.588 89.7076 14.3048 44.486 96.8457
25.6301 92.646 26.1614 27.8528 100.534
46.9336 99.7771 55.6978 32.632 41.241
8.13904 34.6326 25.3399 45.3353 42.6194
38.196 13.7225 93.0169 5.88138 65.8372
3.96324 1.97585 80.0181 28.8551 35.4208
35.0125 4.39386 88.8253 0.372162 70.185
42.1912 26.7121 104.252 11.3686 60.5748
7.44046 30.9573 16.3261 44.0684 39.5298
34.9689 60.5141 87.5503 11.8316 18.8494
40.2784 8.46605 100.16 12.6838 71.1629
25.4923 74.552 24.8295 98.7213 39.6083
43.7461 7.49997 110.497 -1.0743 60.2342
54.1779 3.73025 90.2337 5.51207 69.4157
29.9212 86.2776 21.3136 42.1307 100.126
7.15858 30.649 20.0534 37.685 38.8908
23.9579 87.6844 26.238 35.6394 97.1558
49.039 1.55381 96.9157 8.31783 68.8541
56.9617 78.6549 86.7187 12.8463 70.7929
63.3413 33.3935 81.8003 61.5668 64.816
41.0346 9.32282 94.5259 20.4353 66.514
28.7881 43.2876 77.4201 50.4463 68.2556
27.3494 43.0345 8.80485 26.9461 35.0127
12.6399 34.3579 41.3976 42.0573 82.6332
28.8817 87.1306 92.2487 32.3123 32.937
58.5929 38.6122 88.6298 70.2864 73.9646
25.5063 91.4852 22.4968 44.9351 95.8753
57.1933 37.2978 77.2144 67.9894 65.315
51.2071 16.261 71.6879 67.9151 79.7893
28.7822 91.2059 25.7512 37.4194 94.7856
31.1461 45.9575 82.6423 52.7345 65.8387
71.4128 50.2535 12.0413 30.4401 89.9426
35.7428 42.2208 84.3333 55.6644 62.6599
56.813 21.0704 66.2309 68.5144 83.934
26.712 88.506 25.3309 37.8161 103.612
32.3254 85.5499 22.267 36.6789 101.813
38.988 9.79141 96.9354 7.6783 73.5037
13.8787 33.1598 9.1212 38.7761 54.0776
32.6044 38.5037 79.1102 55.3133 66.9225
45.0113 28.1153 96.6599 72.7469 73.0778
31.3122 82.5621 27.4682 41.1563 100.829
21.1235 88.2198 28.2042 41.0611 94.6417
31.1712 40.713 11.7166 44.9196 47.2514
57.027 74.06 71.58 69.8358 39.677
41.6018 14.6146 90.1676 15.6187 63.7721
28.1949 40.064 21.2032 34.2211 41.1789
38.0746 15.5137 91.5206 8.53758 77.5375
29.4431 39.0491 75.3994 50.484 62.0794
10.1117 95.8299 21.6953 30.6132 73.0051
34.1831 46.9048 77.9978 52.9219 72.1368
47.5934 20.3567 92.6785 11.8791 70.7433
79.3018 63.5302 96.5701 37.9675 28.9245
33.8755 87.039 26.7968 38.0561 96.1515
56.5924 29.1639 73.4506 63.3729 73.0632
28.9023 94.2368 82.2739 52.0553 69.5629
43.2855 8.37736 86.9945 24.198 70.3742
38.205 9.06833 95.4783 -1.91777 71.6434
25.3416 89.9879 24.6697 35.5504 95.0876
35.5663 45.7615 81.5236 52.2537 62.8275
30.4007 43.1512 77.1734 54.3195 68.8289
27.2134 42.8606 79.9831 55.2444 63.1722
88.743 60.7052 22.7701 14.2786 65.5942
26.4674 49.3383 81.905 53.4131 68.5771
43.6342 0.85062 79.3648 0.929962 73.588
89.0567 94.1716 0.555323 12.4105 10.7668
2.47592 18.8033 62.3594 80.7325 93.0103
21.2429 33.2438 1.66171 29.4108 46.6656
43.5862 15.3777 95.2828 7.20488 84.737
41.3644 15.959 81.001 13.6718 66.7526
57.3788 25.2192 71.1476 71.9433 81.8873
17.7089 35.7303 15.0907 35.3177 44.3038
30.1221 92.2989 20.979 32.7672 96.7569
35.2387 -8.92529 91.392 5.51383 72.2711
9.52969 41.3855 21.4037 35.1555 39.076
53.371 99.7215 95.1507 4.39424 52.3749
65.331 57.4347 88.4129 14.0586 23.0014
29.8053 42.9544 15.9974 37.5275 38.5564
51.7289 27.5833 85.6917 60.9586 75.2757
52.884 25.7662 73.1907 59.4294 77.3462
5.90425 42.0598 14.1194 34.9696 36.8684
10.5796 44.3134 18.2896 44.0738 52.9778
43.9128 -1.87252 87.3358 1.94362 71.2384
27.6545 47.707 76.6795 59.8085 61.1106
27.1909 45.1766 80.2136 54.6878 66.5388
1.56942 59.0067 12.1352 42.7426 51.7961
56.6275 30.4583 82.7531 63.3767 72.032
27.3291 92.9743 22.8734 44.6817 102.056
13.048 37.8417 15.5637 27.9608 41.2537
12.6383 82.3414 74.2255 68.722 3.96457
17.5767 49.6943 2.17305 42.6248 43.3896
52.4286 15.6647 71.4103 53.9639 70.1512
39.8085 7.99303 89.7237 8.651 75.9922
51.8837 28.6363 76.306 65.62 69.3775
72.4079 49.1775 13.9151 67.0186 38.9092
33.6589 7.73681 79.4683 51.5681 63.2269
53.6626 20.9035 76.3886 64.2005 86.034
29.8361 46.5903 81.1141 51.9683 64.8007
26.1821 85.1622 26.9948 34.2458 94.1642
65.6599 19.8518 86.5527 36.9828 97.2987
37.0708 64.1643 19.644 20.8795 24.5438
17.0365 45.5734 6.73567 32.0042 40.6773
31.301 80.8489 23.5341 46.9761 95.2889
28.3492 87.5102 21.4837 37.4523 101.643
29.321 91.0028 23.0414 31.4605 97.7793
32.0156 86.3556 23.1633 43.2562 92.0903
7.63806 40.0114 25.1652 46.374 45.5725
60.7829 68.1017 48.942 41.4117 28.2907
32.3351 44.781 75.9988 55.8319 64.531
34.7804 46.0699 84.5035 52.0387 65.0693
47.7526 4.34093 84.0179 3.39436 66.4897
8.13383 33.1971 10.979 33.7449 44.8717
13.9001 41.4528 7.80372 56.4429 48.3805
56.7141 12.9603 72.2452 54.4114 65.0215
16.6367 35.0494 14.837 40.1715 54.5184
11.7319 40.6841 6.7737 48.4351 43.8681
33.0687 42.2518 81.9779 55.888 65.8742
62.0149 20.0153 74.8843 63.1765 78.2616
32.2889 42.3323 82.6278 54.2013 66.0517
55.9645 25.8046 78.5256 53.564 66.5847
50.8543 25.3504 83.4861 70.9398 68.4546
28.5169 41.6899 87.4563 55.9061 64.5073
59.8713 14.2343 95.0523 5.12411 74.7063
19.4854 34.6241 9.23856 40.8446 42.6335
33.1812 43.1057 81.6489 55.572 69.623
45.2757 30.0654 80.4498 4.24821 60.0202
85.752 32.1043 2.89017 47.675 48.5197
29.3729 43.5461 74.8821 55.5626 64.4654
73.39 70.8866 34.9824 77.5737 29.3753
27.8331 89.1937 22.9757 38.5131 99.3222
43.9473 0.0726426 93.0791 93.3365 15.0211
11.1691 83.1136 78.9801 38.7638 1.45732
41.6618 3.25039 88.1816 6.84386 53.3342
47.5554 24.0158 84.5951 64.7382 68.442
31.6961 86.3958 30.8448 35.9798 98.7702
29.7487 43.3649 80.0069 55.7201 63.298
5.55485 39.4036 15.0724 42.6472 40.796
32.0662 37.0627 86.5611 51.5718 64.5549
33.2368 83.9944 19.826 41.7745 94.9813
39.0252 10.4112 71.1783 22.2334 67.1179
43.2517 1.76759 100.721 1.11642 66.5248
59.9541 27.9921 75.3904 48.6532 65.0294
30.0833 38.7247 80.7182 54.1074 65.7467
8.08017 39.265 5.92598 49.0014 34.1263
3.77491 57.0032 47.3941 38.268 30.8301
7.69336 40.7714 13.3215 39.2813 45.374
54.9329 14.6865 83.5594 54.4943 74.6113
94.4369 71.9143 69.1994 96.6651 78.3865
36.8705 0.349126 97.5571 9.34769 67.1824
26.7567 91.4692 24.8523 39.46 101.088
29.5155 39.6443 80.8552 51.5556 59.9219
8.04563 45.8672 6.836 37.0776 43.694
54.6376 17.825 87.2792 15.2624 79.1245
23.6636 85.9069 20.2827 40.2755 98.6399
36.372 25.2834 91.8407 12.1651 59.8488
7.70777 44.2501 6.27511 47.6147 39.4995
39.5096 -0.726446 89.8391 1.31268 74.446
34.753 46.3502 82.4491 56.4494 67.496
23.5892 85.3743 21.4319 36.7709 102.111
27.2165 87.064 22.1347 42.0681 91.826
88.9237 89.96 83.9975 89.6598 49.9299
18.6864 44.4839 3.61974 43.0332 43.0361
35.6696 9.58045 95.4108 13.3583 62.2095
33.1316 44.165 83.0711 53.6517 63.0042
72.6972 15.2441 5.53325 98.4963 88.4402
7.70173 30.9919 12.1223 36.4385 33.1165
29.8756 50.6382 78.4353 53.5394 61.9767
63.6605 73.4083 88.289 14.0884 98.5477
29.3356 50.2327 84.503 51.5554 63.2293
84.5042 56.8119 60.4629 90.0893 13.8589
50.6051 0.0506235 45.1074 54.3095 2.09959
40.6068 9.52503 94.9705 2.64352 83.1212
26.4586 42.1271 81.1873 54.4771 62.1461
32.6944 38.9944 80.0907 56.3146 65.307
36.1868 7.89374 93.4932 6.91243 58.9021
29.4973 96.0437 20.4003 40.7231 96.7807
63.6276 14.3921 19.3149 66.6468 56.2604
42.5842 2.53088 102.782 9.42695 62.1539
75.7708 79.3082 24.3586 80.5156 26.5926
59.2367 28.508 75.0702 52.5353 71.9131
32.5686 40.2781 78.6955 54.0978 64.4221
20.478 41.4445 21.3902 43.3906 38.1044
32.2968 43.7521 84.4292 47.6142 67.9321
16.6431 33.0133 13.0229 56.7266 42.4566
24.7637 84.3372 22.507 39.3154 98.9299
20.5462 31.2227 11.3435 44.6003 35.6816
7.87102 39.3567 9.8688 50.6939 46.1774
33.4712 43.8775 82.7084 55.6806 67.5368
27.3557 40.2138 77.5836 58.0305 62.6867
25.2425 84.0343 22.5045 33.8682 91.9679
32.1549 45.9662 79.1678 57.3712 67.6926
42.2886 8.11383 77.8587 15.8443 91.839
53.0205 24.4475 73.0376 80.5133 72.2567
8.74379 38.0339 8.07819 40.2516 53.399
22.1963 32.1483 13.638 57.4734 35.1106
25.5472 88.6362 23.808 31.5538 93.1382
14.9267 58.6992 31.2275 21.4788 41.8361
7.05611 30.9768 25.3657 49.7867 43.9428
21.6594 77.4404 37.1755 35.3987 33.799
33.1257 94.8547 25.2137 37.0401 99.9631
22.1114 53.3389 11.4181 36.9972 46.8247
33.8364 40.8507 78.9228 57.4356 68.3711
52.4216 27.3664 80.4393 65.2112 67.9592
28.5397 42.1267 78.3964 50.2291 61.3341
29.4468 42.4965 80.4884 56.0907 65.1289
85.35 8.87516 96.8334 35.4349 57.9244
46.2199 19.5144 85.6818 49.3653 83.7138
2.09179 59.3832 60.3388 84.183 61.5015
26.109 46.1998 82.5786 53.0045 66.4918
29.4176 41.0366 84.0468 55.2837 69.999
26.6646 12.2293 87.7426 -3.27313 75.1368
30.4142 43.2281 78.2954 55.4973 61.2369
19.5056 42.1285 17.8099 58.9043 59.5242
27.4621 85.9574 24.7155 44.0918 93.0994
21.7136 53.3903 15.8536 42.2275 38.3832
78.359 3.96005 22.7661 32.911 3.73132
20.8267 78.8504 53.3624 23.448 6.07909
31.8036 84.3589 22.3407 43.4468 96.5258
97.0859 77.8858 1.13869 39.5117 26.5116
1.36909 53.1836 91.6365 9.19922 11.1407
31.2823 84.9941 29.216 34.114 94.6622
43.0703 1.37904 98.9014 4.39444 66.9375
21.331 86.9863 28.7991 38.5448 91.9768
41.9358 10.0502 95.2807 4.63453 71.8163
22.0616 88.0401 28.6281 36.7299 96.1813
60.5705 30.8825 74.8466 70.0682 69.7062
33.6158 88.8209 30.3002 43.0793 94.8217
94.4436 75.9204 75.0948 87.7097 24.1468
54.7691 24.8391 80.5793 72.5349 78.3447
13.5833 41.6441 16.6044 37.1284 47.403
30.1093 47.5148 80.3156 51.46 61.2277
28.3454 85.5761 29.2352 40.3369 101.292
54.911 4.24416 9.14905 5.00787 64.6751
44.2767 22.1961 70.2488 68.4372 68.9836
25.9086 45.3754 80.1906 54.4007 63.5353
31.5905 85.9453 24.3176 38.2434 96.2895
51.6731 29.7863 64.9378 68.9146 81.1606
29.1478 44.1105 78.4892 54.5257 63.1448
28.1793 39.2274 79.7696 51.865 62.6187
62.988 9.79203 30.7914 28.8269 94.5352
44.4292 15.6681 92.7444 7.25848 68.3866
48.9979 16.5471 73.8245 63.6298 65.1307
59.2921 17.1804 71.2425 70.6868 68.1953
58.0351 16.3144 21.8379 91.5253 17.6808
23.2451 87.393 26.1157 35.7404 96.4222
17.3667 47.4484 21.3026 44.7028 47.243
25.4227 90.3991 29.8966 43.9896 97.7999
25.1344 88.8771 31.9578 43.0251 94.8653
37.478 -1.0485 91.9255 1.41701 80.8641
47.8376 21.5841 79.6991 57.2799 75.0282
29.8475 86.5568 27.9362 37.7165 96.2069
30.5252 40.2587 82.2094 56.0118 65.9018
71.1355 24.2546 71.7822 65.6259 73.433
25.0421 45.7615 82.9384 52.815 66.01
52.6539 14.8759 95.2568 0.816474 79.8089
89.4186 44.435 48.8674 66.3682 69.6808
24.7593 81.4651 21.8356 45.6936 96.1784
43.8799 26.517 83.2391 58.2924 81.1977
7.83695 41.0774 61.5738 52.5251 59.4909
56.0398 22.0244 75.4342 58.6721 73.3677
14.5012 76.8672 6.33941 23.0389 77.202
37.6928 88.1599 31.8155 37.4319 96.1933
22.7606 94.0118 25.3198 43.1336 94.6367
13.5355 34.7755 9.85286 49.1078 24.3918
40.857 9.42537 107.268 7.7292 64.6609
50.42 2.78531 95.6451 11.8472 70.5422
24.4727 65.4721 38.6124 33.1625 99.963
29.5666 91.0682 25.6977 40.6998 96.85
32.1571 43.9243 81.0204 53.7583 61.1681
44.2189 31.5138 87.0561 50.4476 78.6908
62.645 18.8591 79.5551 68.1381 78.8964
10.4276 37.5182 13.9293 46.9322 43.1755
2.48483 70.1097 87.1974 89.6427 0.0996621
46.0511 4.64378 89.8862 -0.334652 56.7473
48.5194 27.1194 67.8903 62.0961 71.2226
30.0625 83.7512 23.382 35.7776 100.345
35.43 -2.75974 84.2892 13.3139 66.9092
27.6313 81.1056 27.9371 38.8228 92.0219
47.6051 9.49177 91.3386 1.48976 74.2997
78.0537 44.2122 44.9637 29.591 62.7944
33.0944 90.7533 23.3024 38.1285 91.6359
32.606 49.5177 12.3889 36.8537 45.636
11.4534 38.3534 74.9036 10.4262 99.1178
25.3644 41.8787 82.3572 50.4449 64.7806
24.9426 50.1172 20.3775 52.1007 36.5638
22.5827 93.0433 21.6701 36.2835 94.402
28.8781 81.9113 25.0913 41.383 97.5586
20.1663 57.4313 46.3702 55.701 61.9264
32.2708 37.9685 80.9422 52.7812 61.592
23.6849 44.051 10.0843 50.6344 50.8119
8.87942 37.9488 9.18133 40.7994 49.269
26.7289 40.9412 22.4531 54.186 39.8789
20.3126 45.1117 12.3155 45.656 35.7876
44.9474 9.23637 82.897 5.03192 77.1268
32.0431 85.6826 27.7784 38.2654 100.537
23.9108 91.0283 27.3066 37.2982 97.8847
41.8338 31.5473 23.1932 15.7062 45.5862
48.6078 27.3548 73.8055 53.8578 77.0516
18.982 40.5865 13.0274 50.2464 39.0988
42.5654 16.9428 70.6899 78.6891 67.5824
50.9976 83.6178 78.9687 48.6647 41.0844
47.7239 10.1317 77.88 -2.06349 81.7172
55.4551 18.1508 51.9739 76.277 21.3902
61.9436 66.3398 90.649 42.923 51.2303
31.819 88.1252 24.3647 38.5468 94.5691
81.4696 92.7394 49.6723 55.8683 2.90358
29.1639 84.3357 22.815 39.2591 95.2869
16.7543 17.7473 76.7942 32.8814 24.2797
46.3876 25.6116 83.5624 62.2703 70.5352
25.7757 86.1243 27.0594 34.11 99.7047
49.2854 17.7855 63.5077 67.072 67.0117
52.2161 27.9343 81.6025 57.5367 71.0205
26.4028 88.5462 21.2479 41.4175 96.2274
40.0087 7.60737 93.5794 6.0492 74.8889
40.8825 11.977 86.0671 20.3187 81.1097
33.9324 40.8933 80.7238 54.3581 65.2915
63.0546 14.8022 80.8159 71.3895 75.1625
97.1464 87.7885 58.5659 25.1628 3.69169
15.3824 47.725 22.1762 41.3719 39.4687
26.67 38.8522 77.3665 53.5173 67.5376
26.8047 42.4583 75.9779 56.8948 61.826
27.4466 87.0144 29.4511 42.8238 95.1897
27.8843 42.7247 77.7184 51.6665 67.6794
30.8022 85.858 22.6123 43.041 97.7106
29.5919 41.3529 82.5388 54.5239 64.8132
18.8818 54.5463 26.4949 84.6994 72.1946
69.6885 36.8058 77.8177 69.7256 73.3991
67.9998 26.2489 43.8896 37.4715 40.1414
5.93793 45.8456 19.6728 51.6897 44.5111
31.0203 84.4782 22.5806 37.1022 99.3181
9.17655 34.7321 12.3226 49.6399 45.4004
54.9934 34.9598 73.6165 40.6985 56.6949
7.51654 41.517 17.9579 41.8787 52.3208
53.9847 54.5083 46.6348 28.6327 36.7026
26.1991 89.673 13.3122 27.5966 40.3539
45.0623 6.97876 86.1196 5.45589 64.1669
63.9957 19.9082 87.2476 50.8449 78.3628
58.933 22.6087 66.3172 59.7114 64.3293
50.1747 5.26799 101.077 7.57816 65.8295
31.1402 87.1992 26.1099 38.4072 94.989
30.1255 45.3187 77.7273 53.9202 66.4031
43.0589 18.5013 86.6764 17.7401 70.7882
19.3214 35.2975 87.355 27.8916 16.3423
28.2658 43.8257 80.8919 54.5457 63.888
21.6704 36.3635 19.9549 40.6212 45.6094
13.5333 45.4825 17.6594 44.0923 38.9621
49.0318 21.8202 79.9379 59.2473 69.7376
36.3737 43.7247 79.1157 54.3471 67.7069
17.2646 48.3135 11.975 43.8368 53.8574
25.9115 85.4042 22.6455 38.4586 101.964
50.8038 19.1755 75.3909 65.5075 73.0863
38.3763 20.0557 86.7913 16.8989 81.2284
30.5949 84.3237 22.1831 44.2579 99.0955
25.0797 6.42629 92.8279 21.2951 94.3597
51.3476 28.4702 69.2014 55.0691 61.2403
51.3103 16.6487 85.5359 1.40035 63.9857
45.3652 7.78267 91.7522 3.61858 66.5209
14.931 43.9312 13.3099 42.7271 45.0796
64.3776 19.9103 80.7359 54.0424 78.4572
19.1464 26.0748 5.65433 42.3911 50.5728
23.4287 45.866 79.2627 53.5509 58.1386
26.8319 85.6931 18.0285 39.3821 95.4116
15.1079 34.0977 12.5439 50.3314 46.5402
24.6466 38.7906 9.51734 44.7941 44.8748
58.5046 5.34276 89.9815 14.4115 75.4454
14.0151 31.8759 21.6727 32.673 44.7322
30.6462 85.616 19.9003 34.0759 96.6544
6.44012 35.2066 13.6406 50.2295 40.2644
14.006 36.1733 7.93407 39.4749 38.7595
26.6887 90.9711 23.9102 38.7619 97.9253
34.9153 92.6698 20.5708 38.563 92.746
29.9246 22.0191 101.571 9.37622 68.2276
56.1725 32.7326 73.5145 63.5733 76.5124
61.0034 57.3452 25.7055 88.7163 12.8228
22.7662 87.4733 18.769 38.6993 104.972
53.4363 1.60642 90.4227 -16.3011 63.1017
48.6314 9.80111 98.44 20.8309 71.3978
91.885 68.1428 27.171 16.0517 66.0792
97.739 66.6736 28.2162 69.7591 90.707
77.346 1.18224 10.0031 25.7053 84.8843
49.7103 27.4327 85.9385 68.4973 63.4087
53.8073 32.124 73.6777 52.1654 65.9982
61.8628 34.9559 75.8214 47.2872 81.1352
25.9089 7.4283 101.425 8.3721 67.6501
52.4753 31.0554 80.4636 70.2067 76.6825
29.9678 9.53997 17.9529 72.9366 20.572
50.0618 3.12222 99.4719 79.6761 16.6091
14.042 42.6339 16.8475 48.9208 48.7701
34.9039 4.59001 99.9911 0.768238 68.7193
94.5513 6.45538 99.1388 92.0496 62.6345
44.9476 7.91309 84.4364 -4.82247 60.7366
15.9912 45.6839 22.5121 47.5846 38.103
25.3118 86.016 25.1661 41.7612 98.3256
48.3601 -1.1395 98.7201 -1.36663 63.6496
26.8881 82.791 24.2779 37.9265 96.9589
31.3117 89.3887 28.7977 37.2125 95.8638
30.8972 19.3163 93.2958 1.85094 62.3996
45.1806 3.90242 35.2917 0.403058 39.6275
24.2047 88.0396 21.9307 41.3559 96.7541
14.9377 36.9883 23.0684 34.0984 42.6449
94.0944 4.17861 49.9088 82.6216 10.0488
31.3368 41.9608 82.1752 53.0502 72.3725
24.1591 82.9518 26.2579 36.1345 101.521
46.5387 28.6115 72.1572 57.9916 69.7004
10.9648 35.9789 13.4856 53.2352 33.6438
49.6494 20.4407 75.7611 66.877 67.8529
40.3558 2.01134 85.0933 7.74279 69.5623
52.1492 24.1653 93.9364 65.3916 73.0948
28.6365 44.3786 77.3187 59.1802 66.34
46.4354 32.2822 74.0156 62.0931 68.8291
27.4845 84.938 29.5774 44.2186 95.3271
28.6971 85.9574 23.99 35.46 102.517
67.0864 85.3331 42.1877 69.2982 86.9085
4.76521 40.8094 26.9561 39.0308 44.3327
47.1064 35.4466 83.3103 57.6965 74.3574
65.1867 4.66494 76.551 12.0457 83.3353
11.1093 44.6864 3.92186 42.2258 34.7852
38.3095 44.2421 26.5666 41.6232 33.9517
4.13685 35.4813 22.5573 56.5542 30.2967
25.1961 79.667 21.1622 39.5248 97.2443
34.3655 10.0334 100.855 9.19107 58.7096
24.7894 38.6791 80.78 53.8283 65.426
79.2745 23.4391 72.376 55.6461 79.8664
48.2587 33.4112 69.512 97.3713 53.0431
28.7069 84.7245 21.3569 38.595 100.336
32.2079 42.7053 82.5448 53.5543 63.9991
55.5495 5.87017 67.9976 62.3271 74.3484
31.3707 93.0753 31.4063 36.4971 101.308
25.2325 88.8853 23.7605 38.4326 95.7672
5.02792 40.5386 17.0576 35.7804 32.8186
46.341 19.7554 89.4424 57.3361 78.133
36.2147 -0.153877 97.9367 5.61848 64.3408
81.1207 84.802 60.2837 14.7678 28.5144
63.8453 20.8818 82.5982 62.9171 63.0951
15.1869 48.3963 18.9857 37.0815 48.6228
7.03805 53.294 8.5481 70.9596 48.8713
7.54145 81.6309 85.0295 17.4038 75.3289
27.6427 37.4538 4.62856 45.6371 35.0255
24.2476 87.9156 17.6386 40.6358 98.7756
50.4173 11.2812 94.4044 11.3207 62.6481
55.391 31.5892 80.6241 63.1887 76.3642
55.8965 7.26417 96.0516 8.48172 83.0437
52.9885 29.6299 70.3284 48.6745 70.096
29.4281 87.391 27.9709 37.846 97.0038
18.9399 52.382 19.5223 52.885 48.0684
24.4024 44.9063 75.9014 54.1868 59.1909
65.0256 25.6071 81.8269 49.0041 72.2639
47.8136 92.2324 45.2662 26.051 98.7895
32.8875 45.9434 81.9096 54.5763 69.0841
8.59367 46.8455 15.5613 42.961 57.3766
29.8001 44.122 78.9576 54.2104 59.6817
33.0699 43.7165 74.2676 56.0353 63.4853
41.4802 22.8573 78.6904 66.7079 73.8673
36.3137 25.2567 95.6833 3.66443 79.3293
22.8903 27.4446 66.855 82.9051 57.8815
49.117 28.9295 73.0393 44.223 76.9137
34.4024 20.4928 16.8839 15.016 0.521152
30.4481 90.4719 31.189 38.1788 97.6077
39.894 11.4307 88.2287 4.98582 79.6259
26.24 43.1097 84.2683 55.9416 62.9844
49.2176 4.63384 107.762 11.3978 72.1942
40.1735 3.8755 81.3377 9.78729 73.8603
50.6654 14.3605 95.8257 33.6974 64.8118
63.6982 2.19437 5.72334 13.3752 31.3849
31.8115 21.6775 81.8753 21.3627 69.3327
67.2222 28.5366 72.4321 73.8543 72.6369
32.7919 28.5417 93.3702 6.10785 73.9675
19.2173 42.0747 9.9025 46.0254 46.5413
20.1814 46.2493 14.3154 56.6245 41.9068
14.8378 73.2595 77.1862 58.3895 85.2746
79.2441 16.0173 1.39082 72.1509 46.5265
29.9037 40.3647 78.9506 59.6458 62.0523
28.8039 42.6972 10.0532 34.2063 46.7305
61.1983 26.6824 81.6803 47.8743 55.9421
35.3256 45.4167 82.0497 51.6833 63.5027
40.9906 8.26684 87.8793 6.55205 85.7118
37.595 41.6856 82.6354 54.7699 63.2075
28.0956 42.7738 82.2462 55.3743 65.7918
29.7099 38.8904 79.8145 52.9757 66.4151
15.7745 25.3897 62.6889 82.1768 54.4016
50.9368 0.434463 29.0623 69.3857 89.5741
33.6726 2.7685 86.6424 73.4175 5.99223
30.0514 44.5362 79.7445 49.8279 63.4053
34.4897 46.4639 75.5552 56.8551 68.8027
25.3043 92.4496 27.1317 37.3192 97.6908
14.9359 30.9415 10.8348 33.7933 38.8428
12.5288 28.8405 9.45453 54.3409 39.7879
20.3232 90.9003 18.0688 38.6837 99.2673
44.4993 11.0126 97.3094 -0.644273 75.6741
26.2359 29.4684 3.00182 5.84908 70.0859
30.1277 86.6815 21.6218 37.6959 93.8114
35.1584 12.609 84.2872 18.0818 83.41
10.9143 41.9418 20.7851 36.2878 47.0882
18.6956 33.0603 9.02437 46.1459 34.5525
47.3091 35.1952 76.7357 59.4231 72.785
32.705 42.2148 76.8684 60.3439 63.7462
55.5651 19.499 86.5168 67.4943 66.1701
32.0089 41.2753 77.3662 55.0063 70.483
15.0565 42.1386 2.72629 43.3433 44.3159
73.6587 16.3852 98.8963 43.8523 56.1491
33.0984 7.07195 76.4067 6.58618 62.8351
10.6741 42.1175 20.7679 49.637 52.7636
28.6919 35.2614 16.1225 43.1695 40.5685
45.3716 -2.76078 84.8879 5.18668 66.8141
62.5173 8.69129 85.9194 8.46015 66.5396
46.469 9.97755 101.298 2.56139 64.086
32.4448 39.3749 80.1961 57.6049 64.8266
94.919 12.9233 21.2635 88.3375 98.489
17.4296 46.6051 15.979 51.8896 48.3244
66.2427 36.3418 73.6268 63.3502 74.4392
31.0138 42.6046 78.8011 48.277 63.8207
54.0995 32.4147 71.5902 56.3318 82.5996
49.1663 21.9644 73.8438 54.9698 68.5071
57.6708 14.4843 79.1994 60.7831 78.8634
58.2543 61.8895 49.0674 13.4095 15.4227
26.2364 88.2028 21.3908 36.0056 98.6407
30.9344 87.3044 21.4241 38.162 94.3249
44.6678 11.3416 104.669 11.0778 65.6353
29.0865 39.3759 83.1476 53.7611 63.8195
24.1087 89.6333 25.9485 44.0088 94.8489
47.9862 8.55861 91.2353 15.3766 62.6491
44.383 2.5935 103.423 9.87295 80.387
36.5712 0.389413 109.239 -11.2451 71.2083
9.7762 86.8279 22.4135 94.626 61.9622
25.1706 80.7992 25.5614 42.3611 96.3319
31.9722 41.7045 78.5246 51.82 67.172
24.0779 99.239 8.13992 16.8782 79.8121
15.0407 38.5075 9.72311 39.0996 37.4574
40.0329 19.5201 70.1412 70.6567 86.0563
69.8704 14.7014 17.321 89.6619 89.3767
27.1494 90.6578 23.7641 34.6762 101.018
64.1244 4.44406 99.6701 21.4412 72.3045
21.4418 37.7508 16.373 47.6841 45.0946
45.8209 28.8662 85.0378 54.3156 75.0736
39.5156 4.87009 75.9308 11.7694 78.7029
52.7984 30.6761 86.3143 62.6312 67.2182
21.5303 85.1758 23.6231 39.205 94.62
51.4146 12.9625 81.3499 66.6495 75.5119
12.994 41.5988 12.6317 55.1755 43.5043
67.5709 19.2911 84.5695 66.7323 87.3369
12.4419 28.8197 12.739 43.5657 48.9632
33.2873 84.3908 27.2026 45.9818 93.8629
61.4933 31.529 76.1033 72.1798 66.4781
45.9399 10.6368 79.9295 5.87426 64.1229
48.7717 30.7853 61.8328 61.9517 81.3064
33.1373 49.6502 81.4993 54.4235 64.5332
30.1148 83.0838 23.0024 39.979 98.4505
49.0747 0.469157 93.2423 8.14876 65.3206
45.8611 79.3616 29.9007 15.7521 72.3151
59.8492 23.2805 73.6283 64.1423 76.9309
22.9976 87.8182 29.5036 34.2064 96.4794
56.5029 89.9133 39.3056 63.6006 68.8681
46.8023 10.6472 98.4222 6.07392 79.843
18.8917 41.0191 22.7996 47.7074 44.2453
19.5338 33.3942 15.3987 46.4372 53.2622
24.4355 86.6777 26.6921 37.2608 95.9398
45.5534 54.65 58.895 78.5543 9.29154
9.8544 86.5385 14.7653 11.669 72.887
97.5068 4.53739 88.9276 40.3622 48.4202
24.3783 88.3824 22.7136 40.5028 101.592
61.8497 12.2998 73.9495 69.8966 70.3512
61.8183 13.762 84.1981 64.7376 65.0815
40.3952 28.2718 85.0099 32.3659 86.3596
38.9732 12.9916 86.6877 -1.38466 59.8116
29.7199 86.055 24.4538 41.7118 97.0989
32.9367 85.3838 23.4813 38.7795 93.2687
27.5004 40.4918 83.8936 50.9979 67.6436
29.3017 43.1731 80.2623 57.0075 64.9214
27.8555 44.5346 86.5852 52.8331 64.0223
40.2338 -7.26111 89.8825 7.17777 65.8602
27.6267 98.527 41.4319 75.9336 67.4694
25.8548 41.7166 20.1104 46.8495 41.8397
-1.03844 36.1897 8.23722 37.8881 45.0085
21.488 82.8839 81.5978 85.8365 69.6297
27.6167 84.5635 26.1092 42.9886 87.9975
29.8658 38.3347 84.5174 55.4892 64.6725
31.4316 44.1496 79.6739 52.6197 67.989
29.0046 41.0952 80.4325 53.4091 64.4062
78.8542 69.1451 2.666 13.2924 75.4896
35.4156 45.3855 83.2621 52.1883 66.6199
5.81013 49.6854 5.20803 51.3726 38.083
44.8194 32.1479 64.0302 58.6284 75.396
15.2473 46.4318 11.8469 20.5463 42.5222
3.09978 59.2337 94.0805 65.3591 45.0939
20.3991 43.7531 17.384 38.3108 40.3192
43.973 18.0614 86.2641 81.8924 78.2155
58.3649 17.3102 83.117 62.405 70.6246
46.6423 4.98589 89.1045 12.1422 70.4457
46.3688 6.85613 38.9984 47.9219 75.9494
34.4297 41.58 80.5243 50.9932 65.8588
27.0982 88.0372 25.7301 34.6412 99.9616
38.6583 14.183 86.5025 18.3533 71.0184
52.6 22.4353 69.896 68.7722 77.4759
47.6725 20.6121 91.2299 22.4501 56.4198
13.9633 38.0179 20.0255 47.4948 44.9307
31.9712 89.6171 29.7964 36.7832 99.1802
24.627 85.9583 23.1918 35.7622 98.3584
56.98 28.3315 64.6505 55.447 79.3844
52.2425 0.868863 77.9149 -2.25219 62.7445
49.3028 22.3123 82.9191 50.6467 73.3678
44.4613 4.47592 94.496 9.33347 54.9233
57.8123 1.86471 70.0896 42.506 35.8427
65.526 96.1399 48.6335 78.3308 40.8206
51.3968 18.8756 75.0462 77.221 74.7758
25.6634 89.665 27.3561 35.7054 101.53
27.324 42.0375 82.181 53.2086 60.1952
33.5533 76.018 33.6472 39.4403 92.7853
68.6075 99.2761 81.5386 50.3528 76.188
47.4408 22.5685 82.3889 47.6309 82.147
19.2873 49.6357 5.58808 42.6399 36.8867
24.355 84.193 27.687 36.1895 97.9886
51.5177 22.9732 83.276 61.7765 79.5192
31.9681 43.2523 76.9449 54.0487 58.8558
32.2682 39.2729 81.3161 52.8472 64.6173
32.1723 32.9175 69.0017 75.4796 27.6983
54.1818 21.3729 74.7378 58.8442 78.9207
47.7313 85.0778 42.5891 31.2874 75.8548
69.7952 2.27282 4.29369 2.45286 38.8896
52.4687 5.97667 86.589 64.5399 73.1581
40.0074 4.54033 65.4729 88.4761 48.768
28.2639 86.466 26.7974 38.6157 99.5673
49.1005 21.178 80.9684 59.9338 70.9686
47.6055 13.7341 68.9171 67.4287 81.4387
15.5131 43.2452 12.1817 40.3654 52.3627
31.9566 43.2082 83.2228 55.6081 62.2399
35.09 41.8378 84.7476 57.4979 66.6425
43.661 34.0468 83.5455 63.0217 82.6176
29.3688 46.1855 82.2111 52.6879 68.6277
33.4042 42.8451 80.8492 52.4324 67.9385
45.1317 18.0568 89.7664 -5.82084 74.1401
23.5116 84.9991 24.4824 40.4438 97.3913
28.3162 86.8061 27.919 40.5484 96.7309
61.3911 30.0865 74.2814 66.8179 74.5455
53.2285 20.2093 85.0967 63.92 70.0041
43.8337 22.2479 103 4.93152 87.1827
54.7989 39.9745 77.8167 56.7258 58.7065
39.4463 7.14224 47.76 69.2334 30.3335
2.8404 49.0581 54.1579 71.4916 92.8424
45.0869 4.14846 102.617 16.8525 80.9505
81.0092 5.7876 93.4946 32.5016 39.0044
17.5067 39.2951 13.5678 52.185 51.8372
26.1321 89.3176 23.5996 42.2949 100.049
6.63885 37.6074 17.6868 55.272 47.4034
14.5587 51.141 20.6008 47.3629 49.8493
60.0759 77.4679 56.6361 61.2287 22.3019
28.9048 42.0991 81.2384 51.6951 60.2348
11.0704 72.5902 28.7737 68.5547 35.4058
4.15834 35.3061 23.195 38.9911 14.0449
16.2246 39.5648 9.73643 56.303 50.3887
53.1065 31.1493 67.4226 59.1865 80.6154
28.147 89.0843 30.9786 38.2221 98.4774
14.8312 45.2289 7.11701 47.2349 44.2166
99.4739 18.5482 48.3925 73.5241 7.50613
31.9472 42.2635 79.4601 50.3985 61.7245
28.4039 16.2186 90.0286 8.49027 76.7487
27.7064 45.0064 79.2594 62.499 64.9475
44.1612 19.3586 85.4816 0.579691 70.9058
52.3134 21.7349 87.2125 46.0736 62.7543
42.6661 7.21484 92.5702 2.67929 74.9895
29.3951 87.7861 20.9431 31.8571 100.077
46.6226 23.882 36.1615 17.9542 67.9011
7.97705 31.7883 16.3394 41.6461 54.9264
43.6196 12.6609 88.4277 1.78493 71.5882
55.2687 7.02448 90.8526 12.8076 84.2335
53.8858 26.1064 65.6578 75.268 67.8856
40.3121 6.50728 83.9519 -0.777642 56.6461
29.0501 89.0718 26.8148 35.1397 97.2366
14.7565 46.2063 9.69491 41.0324 50.2366
40.8326 -0.154884 96.1794 12.4203 70.825
23.9669 46.4756 18.5388 54.5757 50.2969
35.7244 14.6875 72.2509 62.7071 54.4546
93.1628 0.140887 31.3349 85.583 59.1952
30.2134 90.7989 27.7184 39.7964 97.0334
37.5584 20.3441 88.4703 17.6141 65.8968
3.29464 21.7275 74.8866 4.87019 32.9174
26.4353 86.9701 30.0102 41.3134 101.947
34.0051 42.0636 80.4333 55.6217 62.0016
55.9996 35.2202 72.8231 66.8236 66.311
53.6487 36.2057 70.2584 66.6398 82.2921
25.1433 82.4953 21.7455 43.0726 92.7749
28.3491 89.4591 29.1661 45.8678 96.0412
48.9862 13.8346 89.6404 12.0104 74.2128
31.523 93.4514 23.6637 38.2707 98.8159
18.9735 88.5673 98.8995 40.7258 89.7914
26.5687 85.6472 21.2655 43.3869 101.6
60.8888 1.99107 85.8045 8.03207 80.3613
8.12793 11.7604 33.3866 28.7398 97.2508
47.8861 24.4642 80.6873 63.1497 67.8246
37.9613 10.9509 67.7758 79.8967 70.1271
46.1475 72.8394 62.7735 96.5041 11.9093
0.248667 8.44293 10.0705 60.1785 93.2226
54.2041 32.134 73.2004 62.0958 61.491
29.993 87.0809 23.6986 37.5908 100.332
46.0872 10.4294 94.8384 -3.23076 66.2478
34.718 4.94858 87.2911 10.9782 71.6323
26.8155 49.271 79.7019 52.3334 72.5003
22.5405 19.6917 98.0631 53.8609 40.4009
13.4787 45.2885 16.3395 52.546 47.3661
25.8207 83.6769 23.7447 42.1975 98.7147
49.1087 17.02 76.6369 60.8947 77.1639
47.0304 14.952 72.585 67.0989 68.6406
50.8675 20.5141 78.9232 67.9913 72.3276
18.3045 50.3335 15.1739 45.9291 48.7528
49.9343 16.4723 70.0554 66.0687 84.2024
44.1854 15.8715 89.1317 4.22361 73.1164
5.441 41.8279 18.0846 39.0668 55.0586
48.7741 95.7426 53.685 98.9225 79.4808
48.0773 91.022 78.2914 3.89797 94.9721
43.0397 20.2588 91.5124 -2.58199 78.2345
29.5661 91.3086 25.2964 35.1364 93.6854
61.3137 27.8044 79.9872 60.6685 59.0222
7.97984 43.8553 15.5431 45.4112 46.7518
15.9678 35.4153 9.49858 41.8419 39.6574
51.524 31.346 84.2033 72.0701 77.7089
25.9754 86.2028 28.6518 50.1189 99.9492
26.8552 4.41697 89.599 4.27658 75.1102
24.3278 37.467 10.6134 39.0341 41.0056
23.569 90.8898 27.6109 38.6033 104.738
9.94948 44.5867 18.2491 49.9993 46.7376
54.6792 37.9069 78.437 66.6458 67.6631
33.0352 43.2788 82.2739 56.7208 65.926
62.777 34.5814 75.0169 55.0579 78.5766
45.9031 40.3204 35.6884 89.4509 95.0413
31.0414 45.4621 79.3538 53.6945 64.3775
30.8897 45.1419 82.0897 58.9695 65.5635
27.6968 86.7641 27.4864 37.822 101.127
23.8889 86.3059 22.0817 41.3902 103.162
31.4491 45.4828 77.6377 56.5339 69.6736
62.3203 11.4551 22.2299 6.80385 92.7131
25.6954 81.3349 21.9253 39.78 100.83
59.1157 22.0611 88.3406 57.2409 69.1428
19.6149 40.7022 20.6502 45.7828 42.1968
19.4491 34.7827 13.1439 40.9019 41.9446
29.2427 86.9058 26.2208 41.5071 94.9012
24.2401 95.258 23.0667 42.8992 92.8431
48.7429 15.9725 97.79 9.60659 67.0519
38.4686 8.95069 102.38 6.14993 66.9858
24.8005 41.9048 80.3553 56.4966 64.8796
75.1259 59.622 36.9147 34.4399 82.8042
30.52 40.4676 76.7223 57.9012 61.3416
23.4414 88.2804 30.7013 41.4166 93.1044
50.2609 19.3098 76.6442 63.6257 79.3646
54.9917 24.5577 74.7148 70.4317 65.8475
33.987 30.4643 34.3951 61.2034 61.4726
26.4971 88.8997 24.5178 42.8412 100.205
44.6424 32.7922 86.5301 53.3623 65.2434
20.3139 35.1944 12.9473 38.6712 54.2674
16.302 38.9517 19.2091 57.7653 41.7279
32.1862 44.5444 80.6371 52.1819 69.1286
25.6342 92.7278 22.6375 37.2621 102.371
30.5418 83.1794 25.7132 34.2208 96.5745
27.4405 88.3273 25.4943 37.6765 90.4054
92.0811 82.6846 42.2475 35.479 26.662
31.2105 39.9743 77.0176 54.8495 69.0289
16.0238 39.1022 7.15294 45.1021 45.2688
17.0438 35.9005 8.07721 42.5496 44.1326
46.3919 14.0165 90.8607 3.12659 71.0949
